{
  "0": {
    "precision": 0.9995780986311644,
    "recall": 0.9999531044832114,
    "f1-score": 0.9997655663915979,
    "support": 42648.0
  },
  "1": {
    "precision": 0.9655172413793104,
    "recall": 0.7567567567567568,
    "f1-score": 0.8484848484848485,
    "support": 74.0
  },
  "accuracy": 0.9995318571227939,
  "macro avg": {
    "precision": 0.9825476700052374,
    "recall": 0.878354930619984,
    "f1-score": 0.9241252074382231,
    "support": 42722.0
  },
  "weighted avg": {
    "precision": 0.9995191008446227,
    "recall": 0.9995318571227939,
    "f1-score": 0.9995035287265752,
    "support": 42722.0
  }
}